[gd_scene load_steps=8 format=3 uid="uid://dpivec207eryp"]

[ext_resource type="Script" uid="uid://cmlt3r0u2dyic" path="res://3d_asset/camp_fire.gd" id="1_fklin"]
[ext_resource type="Texture2D" uid="uid://bdk0lrrm3nigj" path="res://asset/Textures/A5_WoodTextureSeamless.png" id="1_qlkee"]

[sub_resource type="StandardMaterial3D" id="StandardMaterial3D_fklin"]
albedo_texture = ExtResource("1_qlkee")

[sub_resource type="BoxMesh" id="BoxMesh_kr62p"]
material = SubResource("StandardMaterial3D_fklin")
size = Vector3(0.1, 0.1, 1)

[sub_resource type="StandardMaterial3D" id="StandardMaterial3D_6m3es"]
albedo_color = Color(1, 0.78274935, 0.39875868, 1)

[sub_resource type="PrismMesh" id="PrismMesh_ndlto"]
material = SubResource("StandardMaterial3D_6m3es")
size = Vector3(0.2, 0.2, 0.2)

[sub_resource type="StandardMaterial3D" id="StandardMaterial3D_m4d82"]
albedo_color = Color(1, 1, 0.39875868, 1)

[node name="Camp_fire" type="Node3D"]
script = ExtResource("1_fklin")

[node name="MeshInstance3D" type="MeshInstance3D" parent="."]
mesh = SubResource("BoxMesh_kr62p")

[node name="MeshInstance3D2" type="MeshInstance3D" parent="."]
transform = Transform3D(0.8660254, 0, 0.5, 0, 1, 0, -0.5, 0, 0.8660254, 0, 0, 0)
mesh = SubResource("BoxMesh_kr62p")

[node name="MeshInstance3D3" type="MeshInstance3D" parent="."]
transform = Transform3D(0.5, 0, 0.8660254, 0, 1, 0, -0.8660254, 0, 0.5, 0, 0, 0)
mesh = SubResource("BoxMesh_kr62p")

[node name="MeshInstance3D4" type="MeshInstance3D" parent="."]
transform = Transform3D(0, 0, 1, 0, 1, 0, -1, 0, 0, 0, 0, 0)
mesh = SubResource("BoxMesh_kr62p")

[node name="MeshInstance3D5" type="MeshInstance3D" parent="."]
transform = Transform3D(-0.5, 0, 0.8660254, 0, 1, 0, -0.8660254, 0, -0.5, 0, 0, 0)
mesh = SubResource("BoxMesh_kr62p")

[node name="MeshInstance3D6" type="MeshInstance3D" parent="."]
transform = Transform3D(-0.8660254, 0, 0.5, 0, 1, 0, -0.5, 0, -0.8660254, 0, 0, 0)
mesh = SubResource("BoxMesh_kr62p")

[node name="MeshInstance3D7" type="MeshInstance3D" parent="."]
transform = Transform3D(1, 0, 0, 0, -4.371139e-08, -1, 0, 1, -4.371139e-08, 0, 0.09999999, 0)
mesh = SubResource("PrismMesh_ndlto")
surface_material_override/0 = SubResource("StandardMaterial3D_m4d82")

[node name="MeshInstance3D8" type="MeshInstance3D" parent="."]
transform = Transform3D(0.49999997, -0.86602545, 3.7855173e-08, 0, -4.371139e-08, -1, 0.86602545, 0.49999997, -2.1855692e-08, -0.03, 0.029999986, 0)
mesh = SubResource("PrismMesh_ndlto")

[node name="OmniLight3D" type="OmniLight3D" parent="."]
transform = Transform3D(1, 0, 0, 0, 1, 0, 0, 0, 1, 0, 0.19, 0)
light_color = Color(0.840403, 0.6157942, 0, 1)
